feature,count,start,end
0,377,0,376
1,121,377,497
2,1243,498,1740
3,964,1741,2704
4,21,2705,2725
5,61,2726,2786
6,20,2787,2806
7,99,2807,2905
8,7,2906,2912
